# device: instance 6&4b29c3c&0&2, guid dd5f4cc2-2313-4e0c-9956-5060fd55b02f, path \\?\usb#vid_054c&pid_0268#6&4b29c3c&0&2#{dd5f4cc2-2313-4e0c-9956-5060fd55b02f}
# clone  2026-09-06T16:01:46.0718629+02:00
# descriptor: VID 054C PID 0268 manufacturer 'Sony' product 'PLAYSTATION(R)3 Controller' serial ''
# interface 0: class HID sub 0 proto 0
#   pipe 0x02 Interrupt OUT mps 64
#   pipe 0x81 Interrupt IN mps 64

## Feature report dumps
GET Feature 0x01 (identification) len=64
    00 01 03 00 05 0c 01 02 18 18 18 18 09 0a 10 11 
    12 13 00 00 00 00 04 00 02 02 02 02 00 00 00 04 
    04 04 04 00 00 02 01 02 00 64 00 17 00 00 00 00 
    00 00 00 00 00 00 00 00 00 00 00 00 00 00 00 00
GET Feature 0xF2 (BT address / firmware) len=64
    f2 ff ff 00 00 1b fb xx xx xx 00 03 50 89 d8 01
    8a 09 00 00 00 00 00 00 00 00 00 00 00 00 00 00 
    00 00 00 00 00 00 00 00 00 00 00 00 00 00 00 00 
    00 00 00 00 00 00 00 00 00 00 00 00 00 00 00 00
GET Feature 0xF5 (host address) len=64
    01 00 8c 7c b5 xx xx xx 00 00 00 00 00 00 00 00
    00 00 00 00 00 00 00 00 00 00 00 00 00 00 00 00 
    00 00 00 00 00 00 00 00 00 00 00 00 00 00 00 00 
    00 00 00 00 00 00 00 00 00 00 00 00 00 00 00 00
GET Feature 0xEF (plain, no page select) len=64
    00 ef 04 00 05 03 01 a0 00 00 00 00 00 00 00 00 
    00 02 00 01 80 02 00 01 80 02 00 01 80 02 00 00 
    00 00 00 00 00 00 00 00 00 00 00 00 00 00 00 00 
    04 00 00 00 00 00 00 00 00 00 00 00 00 00 00 00
GET Feature 0xF8 (F8 plain) len=64
    00 01 00 00 00 00 00 00 00 00 00 00 00 00 00 00 
    00 00 00 00 00 00 00 00 00 00 00 00 00 00 00 00 
    00 00 00 00 00 00 00 00 00 00 00 00 00 00 00 00 
    00 00 00 00 00 00 00 00 00 00 00 00 00 00 00 00
GET Feature 0xF7 (F7 status) len=64
    02 01 fe 02 f8 01 ef ff 14 33 00 00 00 00 00 00 
    00 00 00 00 00 00 00 00 00 00 00 00 00 00 00 00 
    00 00 00 00 00 00 00 00 00 00 00 00 00 00 00 00 
    00 00 00 00 00 00 00 00 00 00 00 00 00 00 00 00
SET 0xEF page 0x00 -> GET 0xEF len=64
    00 ef 04 00 05 03 01 00 00 00 00 00 00 00 00 00 
    00 00 00 00 00 00 00 00 00 00 00 00 00 00 00 00 
    00 00 00 00 00 00 00 00 00 00 00 00 00 00 00 00 
    04 00 00 00 00 00 00 00 00 00 00 00 00 00 00 00
SET 0xEF page 0x10 -> GET 0xEF len=64
    00 ef 04 00 05 03 01 10 00 00 00 00 00 00 00 00 
    00 00 00 00 00 00 00 00 00 00 00 00 00 00 00 00 
    00 00 00 00 00 00 00 00 00 00 00 00 00 00 00 00 
    04 00 00 00 00 00 00 00 00 00 00 00 00 00 00 00
SET 0xEF page 0x20 -> GET 0xEF len=64
    00 ef 04 00 05 03 01 20 00 00 00 00 00 00 00 00 
    00 00 00 00 00 00 00 00 00 00 00 00 00 00 00 00 
    00 00 00 00 00 00 00 00 00 00 00 00 00 00 00 00 
    04 00 00 00 00 00 00 00 00 00 00 00 00 00 00 00
SET 0xEF page 0x30 -> GET 0xEF len=64
    00 ef 04 00 05 03 01 30 00 00 00 00 00 00 00 00 
    00 00 00 00 00 00 00 00 00 00 00 00 00 00 00 00 
    00 00 00 00 00 00 00 00 00 00 00 00 00 00 00 00 
    04 00 00 00 00 00 00 00 00 00 00 00 00 00 00 00
SET 0xEF page 0x40 -> GET 0xEF len=64
    00 ef 04 00 05 03 01 40 00 00 00 00 00 00 00 00 
    00 00 00 00 00 00 00 00 00 00 00 00 00 00 00 00 
    00 00 00 00 00 00 00 00 00 00 00 00 00 00 00 00 
    04 00 00 00 00 00 00 00 00 00 00 00 00 00 00 00
SET 0xEF page 0x50 -> GET 0xEF len=64
    00 ef 04 00 05 03 01 50 00 00 00 00 00 00 00 00 
    00 00 00 00 00 00 00 00 00 00 00 00 00 00 00 00 
    00 00 00 00 00 00 00 00 00 00 00 00 00 00 00 00 
    04 00 00 00 00 00 00 00 00 00 00 00 00 00 00 00
SET 0xEF page 0x60 -> GET 0xEF len=64
    00 ef 04 00 05 03 01 60 00 00 00 00 00 00 00 00 
    00 00 00 00 00 00 00 00 00 00 00 00 00 00 00 00 
    00 00 00 00 00 00 00 00 00 00 00 00 00 00 00 00 
    04 00 00 00 00 00 00 00 00 00 00 00 00 00 00 00
SET 0xEF page 0x70 -> GET 0xEF len=64
    00 ef 04 00 05 03 01 70 00 00 00 00 00 00 00 00 
    00 01 d1 6b 74 70 71 00 0c 71 78 80 79 7d 7b 10 
    b0 00 00 00 00 00 00 00 00 00 00 00 00 00 00 00 
    04 00 00 00 00 00 00 00 00 00 00 00 00 00 00 00
SET 0xEF page 0x80 -> GET 0xEF len=64
    00 ef 04 00 05 03 01 80 00 00 00 00 00 00 00 00 
    00 03 ff 00 00 ff 44 44 02 74 02 72 00 00 00 00 
    00 00 00 00 00 00 00 00 00 00 00 00 00 00 00 00 
    04 00 00 00 00 00 00 00 00 00 00 00 00 00 00 00
SET 0xEF page 0x90 -> GET 0xEF len=64
    00 ef 04 00 05 03 01 90 00 00 00 00 00 00 00 00 
    00 00 5c 03 a4 00 5c 03 a4 00 5c 03 a4 00 58 03 
    a8 00 00 00 00 00 00 00 00 00 00 00 00 00 00 00 
    04 00 00 00 00 00 00 00 00 00 00 00 00 00 00 00
SET 0xEF page 0xA0 -> GET 0xEF len=64
    00 ef 04 00 05 03 01 a0 00 00 00 00 00 00 00 00 
    00 02 00 01 80 02 00 01 80 02 00 01 80 02 00 00 
    00 00 00 00 00 00 00 00 00 00 00 00 00 00 00 00 
    04 00 00 00 00 00 00 00 00 00 00 00 00 00 00 00
SET 0xEF page 0xB0 -> GET 0xEF len=64
    00 ef 04 00 05 03 01 b0 00 00 00 00 00 00 00 00 
    00 02 80 02 80 00 00 00 00 00 00 00 00 00 00 00 
    00 00 00 00 00 00 00 00 00 00 00 00 00 00 00 00 
    04 00 00 00 00 00 00 00 00 00 00 00 00 00 00 00
SET 0xEF page 0xC0 -> GET 0xEF len=64
    00 ef 04 00 05 03 01 c0 00 00 00 00 00 00 00 00 
    00 00 00 00 00 00 00 00 00 00 00 00 00 00 00 00 
    00 00 00 00 00 00 00 00 00 00 00 00 00 00 00 00 
    04 00 00 00 00 00 00 00 00 00 00 00 00 00 00 00
SET 0xEF page 0xD0 -> GET 0xEF len=64
    00 ef 04 00 05 03 01 d0 00 00 00 00 00 00 00 00 
    00 00 00 00 00 00 00 00 00 00 00 00 00 00 00 00 
    00 00 00 00 00 00 00 00 00 00 00 00 00 00 00 00 
    04 00 00 00 00 00 00 00 00 00 00 00 00 00 00 00
SET 0xEF page 0xE0 -> GET 0xEF len=64
    00 ef 04 00 05 03 01 e0 00 00 00 00 00 00 00 00 
    00 00 00 00 00 00 00 00 00 00 00 00 00 00 00 00 
    00 00 00 00 00 00 00 00 00 00 00 00 00 00 00 00 
    04 00 00 00 00 00 00 00 00 00 00 00 00 00 00 00
SET 0xEF page 0xF0 -> GET 0xEF len=64
    00 ef 04 00 05 03 01 f0 00 00 00 00 00 00 00 00 
    00 00 00 00 00 00 00 00 00 00 00 00 00 00 00 00 
    00 00 00 00 00 00 00 00 00 00 00 00 00 00 00 00 
    04 00 00 00 00 00 00 00 00 00 00 00 00 00 00 00
GET Feature 0xF8 (F8 after 0xEF page 0xA0) len=64
    00 01 00 00 00 00 00 00 00 00 00 00 00 00 00 00 
    00 00 00 00 00 00 00 00 00 00 00 00 00 00 00 00 
    00 00 00 00 00 00 00 00 00 00 00 00 00 00 00 00 
    00 00 00 00 00 00 00 00 00 00 00 00 00 00 00 00

## Identification: type bytes 8..11 = 18 18 18 18 => DualShock 3-class (0x18); calibration fields (2) = 01 02; field 0x07 (gyro cal byte in output) = False
## 0xEF page 0xA0 calibration (BE u16 at 0x11): X 512/384 (1g span 128)  Y 512/384 (128)  Z 512/384 (128)  G 512/0

## Enable streaming: SET Feature 0xF4 42 0C 00 00
## InitialGyroCal(eepromCal=0, eepromZero=512) -> calByte 0x00, zeroRef 512
## Output report sent (cal bytes none)

## Passive stream for 10 s (runtime gyro cal active)
## resting avg over 1001 reports: raw X 513.1 Y 500.0 Z 382.8 G 500.0 | cal X 512 Y 502 Z 399 G(out) 512 calByte 0x00 zeroRef 500

## Cal-byte experiment skipped: unit reports no gyro cal field

## Sent zero output report and SET Feature 0xF4 42 0B 00 00
# log: D:\FOSS\DsHidMini-motion-rnd\dumps\clone_20260906-160146.txt
# csv: D:\FOSS\DsHidMini-motion-rnd\dumps\clone_20260906-160146_stream.csv
